Makespan: 955.24
TRUCKS
Truck 0: [0, 88, 28, 62, 83, 75, 20, 59, 95, 58, 42, 84, 33, 7, 60, 34, 54, 55, 89, 57, 44, 43, 4, 19, 61, 8, 82, 73, 92, 22, 74, 50, 80, 98, 72, 32, 65, 6, 85, 29, 38, 67, 99, 21, 46, 27, 24, 37, 26, 64, 93, 18, 77, 79, 0]
Truck 1: [0, 97, 9, 5, 39, 10, 48, 31, 16, 86, 90, 35, 3, 100, 91, 70, 81, 51, 25, 52, 53, 1, 87, 66, 13, 17, 47, 69, 49, 15, 76, 45, 56, 12, 41, 94, 36, 78, 30, 40, 23, 2, 14, 68, 63, 11, 71, 96, 0]
DRONES
Drone 0:
  Mission 0: Meet=97, Truck=1, Pkgs=[97, 91]
Drone 1:
  Mission 0: Meet=28, Truck=0, Pkgs=[28, 6]
  Mission 1: Meet=20, Truck=0, Pkgs=[20, 95]
  Mission 2: Meet=10, Truck=1, Pkgs=[10, 36]
  Mission 3: Meet=31, Truck=1, Pkgs=[12]
  Mission 4: Meet=8, Truck=0, Pkgs=[65, 8]
