Makespan: 885.0800000000002
TRUCKS
Truck 0: [0, 49, 1, 82, 55, 28, 27, 9, 80, 10, 19, 91, 72, 93, 100, 63, 94, 51, 31, 92, 53, 18, 33, 5, 44, 45, 23, 89, 47, 25, 59, 32, 88, 97, 78, 95, 42, 69, 8, 34, 65, 37, 7, 76, 2, 0]
Truck 1: [0, 21, 16, 11, 57, 43, 67, 85, 84, 79, 41, 90, 60, 26, 22, 50, 14, 83, 71, 54, 74, 29, 40, 52, 73, 39, 64, 38, 70, 68, 24, 81, 30, 87, 86, 48, 96, 58, 12, 35, 99, 61, 77, 20, 46, 4, 62, 56, 6, 3, 17, 66, 98, 75, 13, 15, 36, 0]
DRONES
Drone 0:
  Mission 0: Meet=55, Truck=0, Pkgs=[55, 37]
  Mission 1: Meet=27, Truck=0, Pkgs=[80, 27]
  Mission 2: Meet=100, Truck=0, Pkgs=[100, 63]
Drone 1:
