Makespan: 888.6000000000003
TRUCKS
Truck 0: [0, 59, 9, 49, 61, 7, 22, 88, 31, 67, 99, 87, 68, 25, 86, 53, 63, 43, 72, 80, 74, 33, 29, 42, 47, 90, 20, 51, 65, 100, 28, 2, 16, 81, 37, 89, 73, 98, 62, 5, 66, 10, 12, 52, 79, 70, 71, 24, 57, 39, 0]
Truck 1: [0, 14, 4, 11, 97, 30, 84, 38, 13, 60, 83, 56, 91, 8, 93, 76, 41, 75, 15, 27, 26, 32, 23, 19, 17, 36, 6, 77, 82, 94, 95, 54, 3, 35, 21, 78, 64, 50, 85, 45, 55, 18, 34, 48, 69, 92, 58, 44, 40, 96, 46, 1, 0]
DRONES
Drone 0:
  Mission 0: Meet=7, Truck=0, Pkgs=[7, 22]
  Mission 1: Meet=97, Truck=1, Pkgs=[38, 97]
  Mission 2: Meet=63, Truck=0, Pkgs=[33, 63]
  Mission 3: Meet=41, Truck=1, Pkgs=[41, 15]
  Mission 4: Meet=32, Truck=1, Pkgs=[32, 23]
  Mission 5: Meet=6, Truck=1, Pkgs=[82, 6]
  Mission 6: Meet=78, Truck=1, Pkgs=[78, 85]
Drone 1:
