Makespan: 728.3199999999998
TRUCKS
Truck 0: [0, 3, 73, 74, 66, 17, 5, 68, 21, 24, 46, 44, 7, 56, 2, 45, 53, 9, 47, 28, 70, 69, 58, 30, 6, 67, 10, 16, 35, 75, 12, 65, 54, 22, 25, 71, 64, 0]
Truck 1: [0, 59, 1, 50, 63, 14, 11, 34, 43, 18, 27, 19, 41, 40, 49, 15, 52, 42, 61, 20, 33, 32, 38, 37, 8, 51, 26, 29, 57, 60, 72, 62, 36, 4, 39, 55, 48, 13, 23, 31, 0]
DRONES
Drone 0:
Drone 1:
  Mission 0: Meet=50, Truck=1, Pkgs=[18]
  Mission 1: Meet=14, Truck=1, Pkgs=[14, 43]
  Mission 2: Meet=40, Truck=1, Pkgs=[40, 42]
