Makespan: 768.2799999999995
TRUCKS
Truck 0: [0, 19, 44, 37, 68, 46, 17, 18, 4, 74, 45, 55, 20, 63, 16, 8, 3, 67, 62, 31, 12, 2, 7, 5, 58, 24, 33, 40, 70, 50, 15, 36, 10, 21, 22, 11, 39, 52, 56, 71, 1, 60, 72, 0]
Truck 1: [0, 54, 61, 13, 43, 29, 34, 27, 35, 41, 69, 57, 51, 32, 9, 38, 30, 73, 65, 66, 75, 53, 14, 42, 49, 48, 23, 59, 6, 47, 64, 25, 28, 26, 0]
DRONES
Drone 0:
Drone 1:
  Mission 0: Meet=46, Truck=0, Pkgs=[46]
  Mission 1: Meet=4, Truck=0, Pkgs=[4, 45]
  Mission 2: Meet=55, Truck=0, Pkgs=[2, 55]
  Mission 3: Meet=35, Truck=1, Pkgs=[35, 41]
